/NumWaves	2
/NumPoints	508
/PPheights		1.000000e+00	2.494819e-01

/Matrix
-4.861227e-01	-1.823244e-04	
-4.861227e-01	-1.823244e-04	
-4.861227e-01	-1.823244e-04	
-4.861227e-01	-1.823244e-04	
-4.861227e-01	-1.823244e-04	
-4.861227e-01	-1.823244e-04	
-4.861227e-01	-1.823244e-04	
-4.861227e-01	-1.823244e-04	
-4.861227e-01	-1.823244e-04	
-4.861227e-01	-1.823244e-04	
-4.861227e-01	-1.823244e-04	
-4.861227e-01	-1.823244e-04	
-4.861227e-01	-1.823244e-04	
-4.861227e-01	-1.823244e-04	
-4.861227e-01	-1.823244e-04	
-4.861227e-01	-1.823244e-04	
-4.861227e-01	-1.823244e-04	
-4.861227e-01	-1.823244e-04	
-4.861227e-01	-1.823244e-04	
-4.861227e-01	-1.823244e-04	
-4.861227e-01	-1.823244e-04	
-4.861227e-01	-1.823244e-04	
-4.861227e-01	-1.823244e-04	
-4.861227e-01	-1.823244e-04	
-4.861227e-01	-1.823244e-04	
-4.861227e-01	-1.823244e-04	
-4.861227e-01	-1.823244e-04	
-4.861227e-01	-1.823244e-04	
-4.861227e-01	-1.823244e-04	
-4.861227e-01	-1.823244e-04	
-4.861227e-01	-1.823244e-04	
-4.861227e-01	-1.823244e-04	
-4.861227e-01	-1.823244e-04	
-4.861227e-01	-1.823244e-04	
-4.861227e-01	-1.789398e-04	
-4.861159e-01	2.463429e-03	
-4.808312e-01	1.895606e-02	
-4.478413e-01	5.290447e-02	
-3.746730e-01	8.965089e-02	
-2.682196e-01	1.150024e-01	
-1.443910e-01	1.245274e-01	
-1.893723e-02	1.205062e-01	
9.679844e-02	1.076954e-01	
1.965842e-01	9.071987e-02	
2.783288e-01	7.301272e-02	
3.426675e-01	5.667159e-02	
3.917041e-01	4.271201e-02	
4.281039e-01	3.141594e-02	
4.545337e-01	2.263866e-02	
4.733683e-01	1.603156e-02	
4.865764e-01	1.118382e-02	
4.957102e-01	7.701451e-03	
5.019499e-01	5.244089e-03	
5.061665e-01	3.536254e-03	
5.089888e-01	2.364885e-03	
5.108616e-01	1.570685e-03	
5.120947e-01	1.037667e-03	
5.129009e-01	6.831646e-04	
5.134247e-01	4.492973e-04	
5.137630e-01	2.446357e-04	
5.138773e-01	7.550779e-05	
5.138773e-01	1.834359e-05	
5.138773e-01	1.834359e-05	
5.138773e-01	1.834359e-05	
5.138773e-01	1.834359e-05	
5.138773e-01	1.834359e-05	
5.138773e-01	1.834359e-05	
5.138773e-01	1.834359e-05	
5.138773e-01	1.834359e-05	
5.138773e-01	1.834359e-05	
5.138773e-01	-9.661674e-04	
5.119083e-01	-1.224941e-02	
4.893426e-01	-4.194721e-02	
4.279871e-01	-7.974152e-02	
3.298574e-01	-1.093246e-01	
2.093750e-01	-1.234774e-01	
8.298807e-02	-1.229914e-01	
-3.647154e-02	-1.122484e-01	
-1.413245e-01	-9.607975e-02	
-2.284048e-01	-7.831317e-02	
-2.976896e-01	-6.142300e-02	
-3.509618e-01	-4.670736e-02	
-3.907939e-01	-3.462885e-02	
-4.198931e-01	-2.514117e-02	
-4.407382e-01	-1.793761e-02	
-4.554218e-01	-1.261506e-02	
-4.656160e-01	-8.769227e-03	
-4.726039e-01	-6.041931e-03	
-4.773406e-01	-4.138426e-03	
-4.805196e-01	-2.828020e-03	
-4.826343e-01	-1.936667e-03	
-4.840297e-01	-1.336726e-03	
-4.849439e-01	-9.366921e-04	
-4.855389e-01	-6.721797e-04	
-4.859238e-01	-4.741940e-04	
-4.861227e-01	-2.817639e-04	
-4.861227e-01	-1.823244e-04	
-4.861227e-01	-1.823244e-04	
-4.861227e-01	-1.823244e-04	
-4.861227e-01	-1.823244e-04	
-4.861227e-01	-1.823244e-04	
-4.861227e-01	-1.823244e-04	
-4.861227e-01	-1.823244e-04	
-4.861227e-01	-1.823244e-04	
-4.861227e-01	-1.823244e-04	
-4.861227e-01	5.358228e-05	
-4.856509e-01	6.967557e-03	
-4.718231e-01	3.138104e-02	
-4.225299e-01	6.872011e-02	
-3.340438e-01	1.019300e-01	
-2.183663e-01	1.208110e-01	
-9.216461e-02	1.242600e-01	
3.036010e-02	1.160116e-01	
1.400160e-01	1.009828e-01	
2.324390e-01	8.336933e-02	
3.068309e-01	6.604003e-02	
3.645654e-01	5.060615e-02	
4.080664e-01	3.773955e-02	
4.400503e-01	2.751387e-02	
4.630871e-01	1.967838e-02	
4.793908e-01	1.384575e-02	
4.907558e-01	9.605369e-03	
4.985741e-01	6.582645e-03	
5.038905e-01	4.463567e-03	
5.074686e-01	2.999139e-03	
5.098547e-01	1.999660e-03	
5.114328e-01	1.324940e-03	
5.124688e-01	8.738525e-04	
5.131444e-01	5.748743e-04	
5.135822e-01	3.782473e-04	
5.138643e-01	1.659133e-04	
5.138773e-01	2.485295e-05	
5.138773e-01	1.834359e-05	
5.138773e-01	1.834359e-05	
5.138773e-01	1.834359e-05	
5.138773e-01	1.834359e-05	
5.138773e-01	1.834359e-05	
5.138773e-01	1.834359e-05	
5.138773e-01	1.834359e-05	
5.138773e-01	1.834359e-05	
5.138773e-01	-1.697235e-06	
5.138373e-01	-3.627195e-03	
5.065863e-01	-2.235922e-02	
4.690851e-01	-5.760319e-02	
3.913612e-01	-9.356031e-02	
2.819769e-01	-1.171069e-01	
1.572037e-01	-1.248385e-01	
3.240643e-02	-1.195221e-01	
-8.168394e-02	-1.059994e-01	
-1.793901e-01	-8.878649e-02	
-2.590154e-01	-7.115517e-02	
-3.214270e-01	-5.505886e-02	
-3.688345e-01	-4.140873e-02	
-4.039268e-01	-3.042214e-02	
-4.293472e-01	-2.192048e-02	
-4.474259e-01	-1.554188e-02	
-4.600818e-01	-1.087439e-02	
-4.688205e-01	-7.529055e-03	
-4.747822e-01	-5.172906e-03	
-4.788062e-01	-3.538113e-03	
-4.814967e-01	-2.418451e-03	
-4.832803e-01	-1.660267e-03	
-4.844537e-01	-1.151991e-03	
-4.852203e-01	-8.142827e-04	
-4.857180e-01	-5.916948e-04	
-4.860392e-01	-3.846566e-04	
-4.861227e-01	-2.240598e-04	
-4.861227e-01	-1.823244e-04	
-4.861227e-01	-1.823244e-04	
-4.861227e-01	-1.823244e-04	
-4.861227e-01	-1.823244e-04	
-4.861227e-01	-1.823244e-04	
-4.861227e-01	-1.823244e-04	
-4.861227e-01	-1.823244e-04	
-4.861227e-01	-1.823244e-04	
-4.861227e-01	-1.823244e-04	
-4.861227e-01	1.336457e-03	
-4.830852e-01	1.461944e-02	
-4.565204e-01	4.617442e-02	
-3.903835e-01	8.371828e-02	
-2.887576e-01	1.116666e-01	
-1.667649e-01	1.239484e-01	
-4.062437e-02	1.219982e-01	
7.741743e-02	1.103778e-01	
1.802698e-01	9.384846e-02	
2.652115e-01	7.608204e-02	
3.324969e-01	5.939972e-02	
3.840471e-01	4.498289e-02	
4.224781e-01	3.321854e-02	
4.504842e-01	2.401855e-02	
4.705040e-01	1.705788e-02	
4.845807e-01	1.192944e-02	
4.943379e-01	8.232633e-03	
5.010171e-01	5.616275e-03	
5.055389e-01	3.793339e-03	
5.085704e-01	2.540274e-03	
5.105849e-01	1.689040e-03	
5.119131e-01	1.116767e-03	
5.127826e-01	7.355758e-04	
5.133480e-01	4.837566e-04	
5.137136e-01	2.829680e-04	
5.138773e-01	1.002110e-04	
5.138773e-01	1.834359e-05	
5.138773e-01	1.834359e-05	
5.138773e-01	1.834359e-05	
5.138773e-01	1.834359e-05	
5.138773e-01	1.834359e-05	
5.138773e-01	1.834359e-05	
5.138773e-01	1.834359e-05	
5.138773e-01	1.834359e-05	
5.138773e-01	1.834359e-05	
5.138773e-01	-4.317350e-04	
5.129772e-01	-8.974974e-03	
4.958911e-01	-3.558665e-02	
4.417744e-01	-7.329998e-02	
3.492834e-01	-1.051489e-01	
2.315060e-01	-1.221362e-01	
1.050877e-01	-1.239659e-01	
-1.629849e-02	-1.146675e-01	
-1.240713e-01	-9.914064e-02	
-2.143604e-01	-8.143824e-02	
-2.866922e-01	-6.426972e-02	
-3.426153e-01	-4.911751e-02	
-3.846202e-01	-3.656622e-02	
-4.154238e-01	-2.663878e-02	
-4.375615e-01	-1.906025e-02	
-4.531991e-01	-1.343594e-02	
-4.640819e-01	-9.357203e-03	
-4.715577e-01	-6.455817e-03	
-4.766347e-01	-4.425457e-03	
-4.800478e-01	-3.024522e-03	
-4.823216e-01	-2.069677e-03	
-4.838240e-01	-1.425863e-03	
-4.848096e-01	-9.958979e-04	
-4.854517e-01	-7.111919e-04	
-4.858676e-01	-5.177716e-04	
-4.861227e-01	-3.098924e-04	
-4.861227e-01	-1.823244e-04	
-4.861227e-01	-1.823244e-04	
-4.861227e-01	-1.823244e-04	
-4.861227e-01	-1.823244e-04	
-4.861227e-01	-1.823244e-04	
-4.861227e-01	-1.823244e-04	
-4.861227e-01	-1.823244e-04	
-4.861227e-01	-1.823244e-04	
-4.861227e-01	-1.823244e-04	
-4.861227e-01	-1.161231e-04	
-4.859903e-01	4.684376e-03	
-4.763894e-01	2.569468e-02	
-4.342402e-01	6.197586e-02	
-3.520938e-01	9.695774e-02	
-2.400139e-01	1.186577e-01	
-1.145126e-01	1.246389e-01	
9.479467e-03	1.180971e-01	
1.218474e-01	1.039260e-01	
2.174521e-01	8.652091e-02	
2.949715e-01	6.899209e-02	
3.554875e-01	5.315279e-02	
4.013039e-01	3.981480e-02	
4.351256e-01	2.913496e-02	
4.595688e-01	2.090377e-02	
4.769182e-01	1.474788e-02	
4.890427e-01	1.025523e-02	
4.974019e-01	7.042312e-03	
5.030972e-01	4.783675e-03	
5.069369e-01	3.219079e-03	
5.095015e-01	2.149010e-03	
5.112000e-01	1.425311e-03	
5.123165e-01	9.406876e-04	
5.130453e-01	6.190133e-04	
5.135182e-01	4.071819e-04	
5.138232e-01	1.979193e-04	
5.138773e-01	4.543435e-05	
5.138773e-01	1.834359e-05	
5.138773e-01	1.834359e-05	
5.138773e-01	1.834359e-05	
5.138773e-01	1.834359e-05	
5.138773e-01	1.834359e-05	
5.138773e-01	1.834359e-05	
5.138773e-01	1.834359e-05	
5.138773e-01	1.834359e-05	
5.138773e-01	1.747370e-05	
5.138756e-01	-2.204640e-03	
5.094314e-01	-1.760353e-02	
4.786337e-01	-5.081148e-02	
4.077859e-01	-8.787734e-02	
3.028849e-01	-1.141111e-01	
1.796117e-01	-1.245471e-01	
5.388816e-02	-1.211992e-01	
-6.263878e-02	-1.087687e-01	
-1.634545e-01	-9.192961e-02	
-2.462628e-01	-7.419518e-02	
-3.115765e-01	-5.773666e-02	
-3.614416e-01	-4.362362e-02	
-3.985091e-01	-3.217194e-02	
-4.254560e-01	-2.325497e-02	
-4.446788e-01	-1.653145e-02	
-4.581709e-01	-1.159153e-02	
-4.675084e-01	-8.038880e-03	
-4.738914e-01	-5.529490e-03	
-4.782076e-01	-3.784039e-03	
-4.810981e-01	-2.585999e-03	
-4.830170e-01	-1.773197e-03	
-4.842810e-01	-1.227385e-03	
-4.851078e-01	-8.641904e-04	
-4.856452e-01	-6.244799e-04	
-4.859923e-01	-4.210669e-04	
-4.861227e-01	-2.475097e-04	
-4.861227e-01	-1.823244e-04	
-4.861227e-01	-1.823244e-04	
-4.861227e-01	-1.823244e-04	
-4.861227e-01	-1.823244e-04	
-4.861227e-01	-1.823244e-04	
-4.861227e-01	-1.823244e-04	
-4.861227e-01	-1.823244e-04	
-4.861227e-01	-1.823244e-04	
-4.861227e-01	-1.823244e-04	
-4.861227e-01	5.914844e-04	
-4.845751e-01	1.092458e-02	
-4.639095e-01	3.962873e-02	
-4.049619e-01	7.745847e-02	
-3.086605e-01	1.078238e-01	
-1.890208e-01	1.229189e-01	
-6.257730e-02	1.231892e-01	
5.755224e-02	1.129105e-01	
1.633901e-01	9.694206e-02	
2.515403e-01	7.918801e-02	
3.218347e-01	6.220039e-02	
3.759815e-01	4.733753e-02	
4.165284e-01	3.510156e-02	
4.461870e-01	2.546836e-02	
4.674556e-01	1.814122e-02	
4.824514e-01	1.271950e-02	
4.928706e-01	8.797297e-03	
5.000177e-01	6.013008e-03	
5.048654e-01	4.068031e-03	
5.081207e-01	2.728063e-03	
5.102872e-01	1.815996e-03	
5.117175e-01	1.201753e-03	
5.126549e-01	7.919687e-04	
5.132652e-01	5.208823e-04	
5.136602e-01	3.243688e-04	
5.138773e-01	1.269172e-04	
5.138773e-01	1.834359e-05	
5.138773e-01	1.834359e-05	
5.138773e-01	1.834359e-05	
5.138773e-01	1.834359e-05	
5.138773e-01	1.834359e-05	
5.138773e-01	1.834359e-05	
5.138773e-01	1.834359e-05	
5.138773e-01	1.834359e-05	
5.138773e-01	1.834359e-05	
5.138773e-01	-1.438104e-04	
5.135530e-01	-6.307809e-03	
5.012252e-01	-2.959573e-02	
4.543300e-01	-6.664878e-02	
3.679148e-01	-1.004875e-01	
2.533769e-01	-1.203125e-01	
1.273576e-01	-1.245923e-01	
4.310616e-03	-1.168953e-01	
-1.062652e-01	-1.021373e-01	
-1.997519e-01	-8.458309e-02	
-2.751816e-01	-6.718149e-02	
-3.338349e-01	-5.161004e-02	
-3.780982e-01	-3.858602e-02	
-4.106856e-01	-2.820981e-02	
-4.341834e-01	-2.024377e-02	
-4.508294e-01	-1.430484e-02	
-4.624426e-01	-9.981682e-03	
-4.704376e-01	-6.896663e-03	
-4.758776e-01	-4.731943e-03	
-4.795409e-01	-3.234794e-03	
-4.819852e-01	-2.212279e-03	
-4.836025e-01	-1.521589e-03	
-4.846647e-01	-1.059575e-03	
-4.853576e-01	-7.532071e-04	
-4.858068e-01	-5.516324e-04	
-4.860963e-01	-3.402883e-04	
-4.861227e-01	-1.955157e-04	
-4.861227e-01	-1.823244e-04	
-4.861227e-01	-1.823244e-04	
-4.861227e-01	-1.823244e-04	
-4.861227e-01	-1.823244e-04	
-4.861227e-01	-1.823244e-04	
-4.861227e-01	-1.823244e-04	
-4.861227e-01	-1.823244e-04	
-4.861227e-01	-1.823244e-04	
-4.861227e-01	-1.731746e-04	
-4.861044e-01	2.936795e-03	
-4.798845e-01	2.054191e-02	
-4.446584e-01	5.516969e-02	
-3.691971e-01	9.154581e-02	
-2.612491e-01	1.160010e-01	
-1.369208e-01	1.246243e-01	
-1.177607e-02	1.199468e-01	
1.031471e-01	1.067720e-01	
2.018961e-01	8.967199e-02	
2.825796e-01	7.199929e-02	
3.459508e-01	5.577895e-02	
3.941682e-01	4.197371e-02	
4.299096e-01	3.083269e-02	
4.558306e-01	2.219386e-02	
4.742839e-01	1.570173e-02	
4.872133e-01	1.094480e-02	
4.961476e-01	7.531530e-03	
5.022467e-01	5.125244e-03	
5.063660e-01	3.454291e-03	
5.091217e-01	2.309045e-03	
5.109493e-01	1.533048e-03	
5.121522e-01	1.012540e-03	
5.129384e-01	6.665319e-04	
5.134490e-01	4.383711e-04	
5.137786e-01	2.325015e-04	
5.138773e-01	6.769290e-05	
5.138773e-01	1.834359e-05	
5.138773e-01	1.834359e-05	
5.138773e-01	1.834359e-05	
5.138773e-01	1.834359e-05	
5.138773e-01	1.834359e-05	
5.138773e-01	1.834359e-05	
5.138773e-01	1.834359e-05	
5.138773e-01	1.834359e-05	
5.138773e-01	1.834359e-05	
5.138773e-01	-1.213499e-03	
5.114137e-01	-1.348080e-02	
4.868800e-01	-4.413050e-02	
4.231268e-01	-8.182895e-02	
3.232219e-01	-1.106057e-01	
2.019553e-01	-1.238203e-01	
7.566974e-02	-1.225940e-01	
-4.309361e-02	-1.114039e-01	
-1.469511e-01	-9.504834e-02	
-2.329618e-01	-7.727772e-02	
-3.012435e-01	-6.048939e-02	
-3.536501e-01	-4.592246e-02	
-3.927770e-01	-3.400119e-02	
-4.213253e-01	-2.465792e-02	
-4.417542e-01	-1.757652e-02	
-4.561315e-01	-1.235173e-02	
-4.661050e-01	-8.581028e-03	
-4.729369e-01	-5.909704e-03	
-4.775651e-01	-4.046875e-03	
-4.806695e-01	-2.765434e-03	
-4.827335e-01	-1.894356e-03	
-4.840949e-01	-1.308403e-03	
-4.849865e-01	-9.178980e-04	
-4.855665e-01	-6.598069e-04	
-4.859416e-01	-4.603967e-04	
-4.861227e-01	-2.728637e-04	
-4.861227e-01	-1.823244e-04	
-4.861227e-01	-1.823244e-04	
-4.861227e-01	-1.823244e-04	
-4.861227e-01	-1.823244e-04	
-4.861227e-01	-1.823244e-04	
-4.861227e-01	-1.823244e-04	
-4.861227e-01	-1.823244e-04	
-4.861227e-01	-1.823244e-04	
-4.861227e-01	-1.823244e-04	
-4.861227e-01	1.485289e-04	
-4.854610e-01	7.856131e-03	
-4.700461e-01	3.337930e-02	
-4.183442e-01	7.093823e-02	
-3.278322e-01	1.034841e-01	
-2.110749e-01	1.214187e-01	
-8.474051e-02	1.240508e-01	
3.723024e-02	1.152687e-01	
1.459515e-01	9.998362e-02	
2.373085e-01	8.232090e-02	
3.106676e-01	6.506937e-02	
3.674921e-01	4.977528e-02	
4.102402e-01	3.706630e-02	
4.416296e-01	2.699022e-02	
4.642130e-01	1.928390e-02	
4.801806e-01	1.355615e-02	
4.913021e-01	9.397233e-03	
4.989474e-01	6.435715e-03	
5.041429e-01	4.361419e-03	
5.076375e-01	2.929059e-03	
5.099668e-01	1.952134e-03	
5.115067e-01	1.293037e-03	
5.125171e-01	8.526307e-04	
5.131758e-01	5.608719e-04	
5.136025e-01	3.690760e-04	
5.138773e-01	1.557844e-04	
5.138773e-01	1.834359e-05	
5.138773e-01	1.834359e-05	
5.138773e-01	1.834359e-05	
5.138773e-01	1.834359e-05	
5.138773e-01	1.834359e-05	
5.138773e-01	1.834359e-05	
5.138773e-01	1.834359e-05	
5.138773e-01	1.834359e-05	
5.138773e-01	1.834359e-05	
5.138773e-01	-1.990001e-05	
5.138009e-01	-4.208993e-03	
5.054227e-01	-2.407770e-02	
4.656122e-01	-5.987317e-02	
3.856591e-01	-9.536479e-02	
2.748973e-01	-1.179924e-01	
1.497335e-01	-1.248430e-01	
2.532072e-02	-1.189052e-01	
-8.791759e-02	-1.050505e-01	
-1.845755e-01	-8.773596e-02	
-2.631459e-01	-7.015268e-02	
-3.246057e-01	-5.418344e-02	
-3.712129e-01	-4.068910e-02	
-4.056653e-01	-2.985625e-02	
-4.305931e-01	-2.509894e-02	
